image: f1_aut_wide_slam_final.pgm
resolution: 0.050000
origin: [-9.551597, -22.631752, 0.000000]
negate: 0
occupied_thresh: 0.65
free_thresh: 0.196

