image: f1_esp_slam_final.pgm
resolution: 0.050000
origin: [-34.141629, -22.312633, 0.000000]
negate: 0
occupied_thresh: 0.65
free_thresh: 0.196

