image: f1_mco_slam_final.pgm
resolution: 0.050000
origin: [-13.008093, -45.618533, 0.000000]
negate: 0
occupied_thresh: 0.65
free_thresh: 0.196

